1.2
1.39
3.69
8.05
8.43
12.86
14.18
18.25
18.45
22.38
23.01
26.32
27.27
27.41
28.65
30.05
30.42
33.01
34.45
42.7
46.21
46.93
48.67
49.04
51.52
52.63
54.08
57.72
61.02
62.89
64.23
64.53
65.96
71.22
71.74
72.02
73.67
76.21
77.13
77.95
78.15
78.44
79.92
87.07
89.8
95.43
95.64
101.19
101.54
101.97
106.97
108.77
110.92
113.61
114.04
116.26
123.54
125.49
128.9
132.03
132.85
140.74
145.21
145.86
151.79
153.49
155.26
157
157.16
161.87
168.7
169.16
171.48
171.71
172.11
175.57
176.5
177.01
180.38
180.82
182.03
182.45
183.47
185.52
189.32
189.56
193.95
195.03
195.15
201.13
201.33
207.97
211.4
211.46
219.49
219.84
224.72
226.76
232.48
232.95
234
235.43
235.43
237.59
238.33
240.08
240.43
242.54
247.71
250.84
250.91
250.92
251.21
256.18
257.61
257.77
258.17
259.93
260.71
266.04
267.71
272.54
272.9
272.99
281.33
281.45
281.78
282.71
289.13
293.22
294.07
295
295.94
297.74
297.94
298.51
299.08
299.16
300.58
302.85
305.74
307.8
308
308.3
309.48
310.26
311.56
314.72
317.23
318.19
318.24
318.5
318.7
319.21
324.24
324.68
326.41
326.72
327.12
328.2
333.42
337.73
338.5
341.48
343.76
347.36
349.35
352.66
352.92
354.52
356.7
357.68
358.25
359.65
361.89
362.01
365.47
366.27
369.21
369.78
370.11
371.67
373.45
373.98
377.15
377.99
382.34
385.94
386.83
388.04
399.31
400.06
400.41
404.5
404.7
409.15
410.15
410.77
414.45
415.05
416.75
418.81
419.43
422.89
423.07
426.26
426.5
427.06
429.19
429.24
429.31
432.77
432.87
434.99
436
439.58
441.51
444.93
445.08
445.64
447.8
447.82
449.37
450
451.79
452.34
454.51
457.47
459.04
459.81
461.51
462.83
463.19
465.28
465.46
466.14
468.15
470.41
472.01
473.81
473.98
480.03
482.14
483.68
484.62
486.14
486.26
486.4
486.4
491.71
495.57
495.61
499.19
501.05
506.2
510.17
513.16
513.94
523.52
524.46
524.69
526.15
527.8
529.59
532.68
535.23
538.97
539.16
539.38
540.73
541.58
542.73
546.17
546.91
551.91
554.24
554.32
559.39
559.74
561.53
562.39
562.44
576.43
576.84
578.3
579.85
580.81
586.29
587.94
588.46
588.63
588.83
591.82
594.24
597.26
600.41
600.72
602.17
602.6
606.01
606.76
610.59
610.94
615.53
615.92
616.07
618.1
620.49
621.2
621.7
637.85
641.22
644.48
646.91
649.37
652.14
653.29
654.52
654.85
654.94
656.67
657.26
659.38
660.31
661.76
662.51
664.03
668.37
669.14
669.91
669.93
674.74
677.58
677.69
678.34
682.2
683.59
684.61
684.91
687.5
689.44
692.6
696.4
698.24
699.27
700.06
714.28
717.19
720
723.66
723.81
724.87
729.41
730.82
733.08
740.85
743.06
744.99
745.13
748.84
748.95
754.68
756.22
757.51
757.56
761.07
761.61
763.58
764.21
766.94
769.96
772.17
776.75
776.96
778.85
778.95
779.04
780.13
783.59
784.12
785.47
785.78
788.97
788.98
789.74
789.81
790.5
791.45
793
795.15
796.74
798.74
801.75
803.76
805.37
806.49
807.51
807.94
808.55
808.65
808.99
809.51
812.76
814.88
820.74
822.9
825.48
825.56
826.05
831.36
832.38
833.05
834.48
837.25
838.04
838.24
838.87
839.35
845.42
846.17
846.25
846.49
849.49
850.51
852.82
852.88
853.59
863.43
863.66
867.62
869.16
871.6
876.08
877.68
878.9
879.97
880.56
883.06
888.71
890.62
893.19
893.43
893.56
896.55
896.7
896.95
897.58
899.53
901.6
905.87
906.82
909.41
910.29
910.34
911.61
914.11
916.07
917.34
917.45
917.74
918.24
921.51
922.99
928.55
930.25
930.39
932.36
941.97
942.55
944.87
944.9
946.35
947.34
947.66
950.18
952.66
953.29
953.84
955.99
957.87
961.72
964.23
969.2
971.96
971.97
975.82
977.24
978.44
979.5
981.15
983.88
989.25
990.23
992.59
993.96
995.3
997.35
997.64
998.32
999.44
