1.2
6.51
2.41
4.11
5.14
6.1
4.57
7.21
11.6
7.84
12.21
8.52
13.08
15.48
13.63
15.71
8.8
11.71
12.34
14.89
13.95
9.85
207.68
207.96
164.26
39.46
96.11
167.32
84.49
154.29
25.53
71.72
237.61
215.68
130.2
165.95
34.74
174.53
164.63
30.81
214.77
265.57
195.95
277.67
186.36
63.7
198.32
38.84
107.8
189.65
144.91
148.22
128.51
126.76
72.45
67.83
81.08
22.75
192.55
163.91
231.73
53.03
161.26
159
152.91
40.5
246.7
157.31
156
90.21
119.66
106.42
46.44
136.93
72.23
113.99
106.69
217.55
201.42
133.21
88.17
124.77
16.01
113.31
133.47
89.6
135.97
164.61
144.8
223.79
233.36
107.93
92.63
248.59
127.26
53.23
86.55
27.01
278.75
274.01
270.7
34.84
207.06
31.81
224.94
121.4
208.84
140.53
142.88
75.76
263
89.95
139.03
56.29
36.81
55.98
38.69
143.07
276.62
41.83
25.95
262.09
50.05
100.78
177.36
104.87
183.7
174.26
253.59
58.28
23.89
250.82
87.72
261.67
31.02
69.72
53.02
53.79
128.84
145.75
272.94
105.05
24.71
161.95
187.64
57.97
273.65
172.47
56.98
188.88
31.88
160.87
141.39
241.76
212.23
76.94
124.29
49.29
202.88
89.45
53.42
78.01
98.24
33.76
23.7
49.33
83.61
101.81
33.21
152.62
134.64
48.2
206.68
40.48
181.42
79.78
206.39
180.59
138.29
124.94
252.54
196.06
165.05
18.32
64.61
166.92
23.52
175.04
206.16
146.32
181.63
263.5
170.93
30.05
18.57
21.69
221.15
107.9
164.3
171.81
264.73
188.94
232.5
127.36
253.92
124.49
31.1
121.91
194.99
66.17
25.94
96.36
213.97
53.09
117.4
130.57
157.33
213.89
91.82
149.16
262.67
126.55
28.32
160.31
173.68
250.25
46.3
79.57
266.76
271.71
76.45
275.37
90.91
92.84
242.86
154.99
64.8
92.9
253.98
52.55
116.51
71.95
175.41
24.16
167.63
199.76
220.04
124.73
57.47
101.41
260.33
278.81
214.34
147.67
185.1
201.29
219.46
43.9
138.36
269.94
83.74
270.93
79.67
148.17
249.59
101.7
218.34
136.92
63.01
256.16
210.44
60.69
153.69
178.82
83.61
108.12
52.67
170.51
20.26
228.08
330.09
294.1
375.37
307.89
287.87
291.63
325.4
288.97
349.43
327.12
358.94
398.44
366.14
361.73
328.59
291.12
402.9
362.92
358.07
340.22
393.49
308.18
298.26
326.22
284.06
335.62
339.5
349.6
372.85
303.04
286.94
373.85
281.41
329.36
308.26
371.06
388.72
349.27
356.94
403.1
369.5
386.02
376.62
393.77
308.06
351.14
325.56
315.23
391.07
376.63
292.64
391.51
347.04
362.69
349.09
343.25
329.24
313.96
314.55
310.16
348.92
359.4
343.86
349.26
320.99
337.44
318.05
343.54
301.49
358.96
372.54
312.45
292.64
300.6
400.97
295.75
345.24
383.98
300.29
372.1
374.74
340.82
306.65
385.76
309.21
306.68
345.43
287.83
325.95
286.37
304.08
403.03
357.1
336.63
393.99
346.13
294.49
331.4
359.07
392.88
391.83
340
376.7
280.39
352.69
382.89
355.21
324.75
393.85
279.24
392.93
334.5
334.63
285.93
899.18
890.51
427.42
603.09
742.61
524.76
594.66
918.68
935.4
649.02
429.02
528.74
481.23
940.71
500.93
975.25
865.03
642.08
449.03
580.27
487.79
750.47
986.71
476.82
924.35
519.62
913.12
813.66
762.7
689.99
551.14
935.7
516.2
626.26
526.52
614.29
893.68
787.1
654.98
635.76
573.97
563.78
877.52
538.73
768.41
539.71
808.93
684.66
509.22
800.07
764.13
709.38
460.29
656.15
535.8
552.8
823.22
725
936.31
534
786.42
829.82
736.17
761.8
718.83
409.3
983.28
935.71
930.93
468.91
930.21
795.04
967.88
818.15
586.43
729.73
462.5
476.02
919.4
552.18
725.74
490.1
873.64
680.62
807.16
846.2
644.2
462.16
461.29
881.38
950.91
452.8
910.42
451.1
739.5
618.05
527.17
519.66
851.92
782.68
605.84
644.25
749.33
961.95
449.9
448.85
936.23
713.57
613.56
852.62
681.43
755.27
738.36
563.42
921.23
665.63
496.45
410.01
960.5
460.43
776.4
793.33
605.59
627.12
958.23
915.57
898.65
512.11
982.03
813.19
677.1
597.58
431.71
670.71
498.67
700.39
887.66
790.63
562.54
540.78
832.28
985.8
552.46
823.62
435.17
819.57
506.97
595.16
836.07
822.86
757.47
688.23
614.07
647.33
585.76
851.85
958.42
577.13
620.96
676.91
763.03
755.7
949.81
427.55
832.94
701
656.68
796.43
505.33
924.82
820.61
973.07
505.49
478.01
697.76
863.63
868.43
685.4
454.84
827.84
493.85
672.14
695.37
538.96
873.41
772.64
680.04
449.87
521.96
444.13
617.3
512.65
870.72
816.77
926.69
756.59
896.82
715.33
533.15
603.54
542.57
920.06
651.06
964.77
801.2
663.12
924.05
769.45
580.2
410.93
473.64
968.09
702.59
831.57
523.24
771.83
982.52
851.13
909.61
966.29
475.3
435.58
711.29
526.3
507.36
762.95
865.71
961.93
497.12
993
759.2
717.3
577.24
549.67
437.89
991.76
458.15
991.68
885.36
893.36
832.31
503.08
699.6
692.25
492.69
552.11
568.38
957.56
558.85
717.99
518.88
718.76
765.08
672.06
609.52
799.26
869.44
675.76
417.57
998.01
770.57
841.93
907.7
880.87
713.14
589.7
702.9
795.2
886.18
888.16
524.94
592.46
662.11
419.96
486.81
756.88
721.95
787.08
451.12
958.82
798.08
654.17
464.55
676.61
659.21
526.11
775.37
486.99
828.29
912.23
801.26
714.99
734.31
457.95
616.59
860.41
807.24
458.86
799.4
465.33
709.24
923.45
924.13
606.7
678.84
837.62
595.09
583.95
872.72
973.18
733.78
667.1
805.03
601.81
643.53
685.05
513.83
890.58
939.69
612.43
421.68
868.19
537.7
985.28
459.53
586.72
840.53
759.24
532.11
839.17
906.69
825.37
921.61
418.81
902.51
465.96
688.39
644.4
636.59
663.47
859.86
829.69
496.39
797.42
578.21
590.8
504.81
821.01
624.55
680.81
619.32
869.97
446.19
951.41
843.2
574.65
437.74
424.55
560.05
486.48
718.68
733.27
810.79
858.13
429.14
538.28
781.4
941.27
802.05
954.96
920.5
804.37
902.67
685.83
909.22
851.43
906.87
745.29
832.31
596.34
610.67
485.27
767.66
981.26
633.56
721.93
476.9
620.04
797.64
969.23
781.19
455.12
450.57
712.39
776.95
844.24
826.85
799.21
559.44
604.8
870.01
487.8
794.41
514.37
947.92
648.84
984.53
936.49
554.04
719.65
423.32
413.39
762.18
908.61
960.99
704.8
838.47
449.95
733.04
579.84
533.76
897.94
647.34
826.74
900.35
811.44
998.43
524.2
925.56
861.65
687.19
778.1
406.49
861.9
907.04
547.29
476.53
589.07
971.67
992.57
776.34
741.74
823.63
702.65
821.27
961.9
528.39
531.98
964.91
864.17
748.24
718.44
692.17
522.09
850.28
607.71
740.44
483.18
775.95
636.5
637.12
964.74
722.57
803.14
479.9
610.56
541.48
647.99
601.87
575.54
995.24
875.14
459.1
979.6
923.96
998.86
728.65
890
733.82
749.57
958.24
912.97
520.46
726.63
826.7
731.37
423.04
863.25
508.42
948.78
895.67
504.5
977.1
622.73
871.38
716.72
541.63
970.45
503.69
531.97
803.16
601.37
932.56
796.16
991.67
925.49
579.2
510.61
721.62
458.96
938.51
514.48
830.7
563
685.05
940.08
835.58
512.14
490.23
570.27
419.24
409.57
672.27
785.47
609.67
605.34
803.12
455.66
936.39
842.9
567.03
996.98
776.42
757.95
520.43
701.3
602.25
995.86
865.91
408.94
955.77
582.02
878.91
767.5
694.15
451.8
876.66
972.12
716.08
655.93
623.22
407.39
718.94
887.22
493.46
591.85
579.82
930.43
975.36
827.65
712.77
465.33
732.5
799.25
898.18
546.85
792.76
763.34
962.43
923.46
541.86
749.05
969.67
513.1
655.22
500.39
943.18
876.18
828.32
638.3
769.8
916.68
629.25
691.27
474.79
497.12
968.39
611.52
806.27
873.92
849.27
655.66
523.64
754.41
737.47
866.6
852.66
579.28
896.6
625.55
842.82
505.79
766.97
750.93
788.17
711.73
